2.311111329447049687e-13,6.888650962866727057e-13,3.708249431634070249e-12,1.004035401306758526e-11,1.140388990606059617e-11,1.060042464036647085e-11,1.305092985189709019e-11,6.585461854756885431e-12,1.321614522607260855e-11,1.307289868787011144e-11,1.524073249685228702e-11,9.486597313651697997e-12,1.135285674216031284e-11,5.832799164828720893e-12,3.659382112403622262e-12,3.700377845761399719e-12,5.756701133193902656e-12,5.010157031514410052e-12,8.682405601502039068e-13,1.107069495357301957e-12,1.785915525826890786e-12,1.444455586216670037e-12,8.780347606573559971e-13,7.970101332998711209e-13,6.045736208096560838e-13,6.839819185161546440e-13,4.351283459824657473e-13,5.039592239086144084e-13,5.724044709184900431e-13,2.691119548107867859e-13,1.373657673004801332e-13,2.468702287073427926e-13,6.420611489894004170e-13,4.951866992639114879e-13,4.094243501748430534e-13,1.813337679284447613e-13,2.802062339992933659e-13,2.259326381862132241e-13,2.075966705979107493e-13,2.741757804480195045e-13,3.426031316598957759e-13,1.165590801843087290e-13,8.087195606449285148e-14,6.848515336785833765e-14,9.723672698981614650e-14,9.081589250885152676e-14,7.899397889240849448e-14,9.411146321047950995e-14,7.974390926203951729e-14,6.850483591617967782e-14,1.390787143123162836e-13,5.662307935456648109e-14,9.807586271350244661e-14,1.581275326065780144e-13,7.326326019781401750e-14,4.615823348206815190e-14,9.516635391610396114e-14,9.786814007172333210e-14,4.672923941517453915e-14,4.262172557123271435e-14,4.840089032076030238e-14,6.991450353824187099e-14,7.132865862275502014e-14,5.908949212018845617e-14,2.909474324262505470e-14,2.846608805892406769e-14,1.009822124705317081e-13,9.483204251798978338e-14,8.956075424872617949e-14,1.296415364988615930e-13,1.100547778667515922e-13,6.801622194251022354e-14,4.740423698062853547e-14,2.988262118830359348e-14,5.678051069571602303e-14,1.024885623021342638e-13,2.123110053752883155e-13,1.627693051608617539e-13,1.457082919038732690e-13,6.937586721718955945e-14,3.411567846746777000e-14,4.990499208794312054e-14,1.114538882519040387e-13,7.476073876803811503e-14,9.544421993016877585e-14,6.226292963169752362e-14,1.608604618210847445e-13,7.745232524020035029e-14,6.531480847878219468e-14,1.212334447965335207e-13,6.191868074741488589e-14,1.196157791497742756e-13,1.100239715435066909e-13,1.001996562831057867e-13,1.018814027758249256e-13,8.099111955093922983e-14,1.101815937389951906e-13,7.385689661690110878e-14,9.432327180932878518e-14,2.817552594878347691e-13,1.792580064189980587e-13,6.463425188844132553e-14,5.169288686840256721e-14,3.440249377079899101e-14,5.952051947894783268e-14,1.200716235455423547e-13,7.519763657265861146e-14,1.037795236873803282e-13,1.562030269817985655e-13,1.990945535099963738e-13,9.575658171357981187e-14,6.334405368698528170e-14,3.755859069017230562e-14,9.007747761169007864e-14,1.309612464116114086e-13,1.130318832760423802e-13,1.415810111307099248e-13,1.545848374601992529e-13,6.174921059584058148e-14,1.224651995563419138e-13,5.604857212811973578e-14,6.687790354725288506e-14,6.493995770280812104e-14,1.047359761017176648e-13,1.021499614854563800e-13,9.448418332340073786e-14,4.037939547809473268e-14,7.047808049326751541e-14,4.023501151084938658e-14,4.174393247941101694e-14,3.017201638563599998e-14,5.008845906244268647e-14,5.758046524427159099e-14,4.733759913161893039e-14,3.517620983993966372e-14,6.733313653455340971e-14,4.713649454871918970e-14,5.817086114781600796e-14,4.309076293082867863e-14,7.071537942235716946e-14,4.752548307302314963e-14,2.330279073802257027e-14,3.535444431740010720e-14,5.105440448835881734e-14,6.070328952772347567e-14,7.053871478436833568e-14,4.707182982045428642e-14,4.301217597323666697e-14,4.907277152605928378e-14,7.776739831557844821e-14,5.399985232626773184e-14,2.681622001301333203e-14,1.139974591744566272e-14,1.990352787329405890e-14,2.050056515312988002e-14,2.208793400339987694e-14,8.869967710799285369e-15,2.984164792350331436e-14,4.121300872557639754e-14,3.985559120266178573e-14,2.238309112048783830e-14,2.108335175266772031e-14,1.964062839585995316e-14,1.784500983358599293e-14
2.180424775227920210e-12,9.415797036160528655e-12,1.080633733036556747e-11,9.942546696961621814e-12,1.270294694686460457e-11,1.215311729382803818e-11,1.252298898699571988e-11,1.070446597510624063e-11,1.380401390552536020e-11,1.000522688746191333e-11,9.922900298161357058e-12,7.568800156485099139e-12,7.753715700850618082e-12,4.178608663657407167e-12,3.884951191362368207e-12,4.032826858465980001e-12,7.443569228466575324e-12,5.851153895245403799e-12,1.514616919318658500e-12,8.663465803762023120e-13,1.653918024865016236e-12,2.981050894764155355e-12,1.460404102439934068e-12,7.220990809056554724e-13,9.095616962896803381e-13,1.863578174597067902e-12,1.043406977926799837e-12,6.754290323709299236e-13,5.372292645195246123e-13,5.043584104951991202e-13,2.016856317919669039e-13,3.121797061184630564e-13,1.688946961375713975e-13,1.734345590610342490e-13,5.641611812743996108e-14,1.467027691204822297e-13,2.677790403788722144e-13,3.204534427093226087e-13,2.410190254890164246e-13,2.187784282401913163e-13,2.662075225560209355e-13,1.696931297993036492e-13,2.321774344339029028e-13,1.136390846251992621e-13,7.978310186915571721e-14,8.193600309912974683e-14,7.930958600657304517e-14,6.274528995581455018e-14,4.583709969905313828e-14,7.519757025034043257e-14,1.484177100440301349e-13,5.995916741108725315e-14,1.140961912438746691e-13,1.544394783707275193e-13,8.173334329247230742e-14,8.085652775456894121e-14,1.539494647878899231e-13,1.155448837595049964e-13,6.612828295537305750e-14,7.299119355143269887e-14,7.052892663845917896e-14,8.053006323924155115e-14,7.801725373327567145e-14,5.086265070530518084e-14,2.918083176880779312e-14,2.495897383591871162e-14,1.106888253355568637e-13,1.251468519571275562e-13,1.339331980920376091e-13,1.120964659991471362e-13,6.874520622908827616e-14,5.267787889560215980e-14,4.725806577001170507e-14,5.286358889062610687e-14,6.533302164978905983e-14,1.047244253027527231e-13,1.761703936825488541e-13,1.857120621295636946e-13,1.501474353513550727e-13,7.919867897915437968e-14,4.112984170604522795e-14,4.620512344685754918e-14,9.003904751802076225e-14,7.438480558492956367e-14,1.258893928351970702e-13,8.517482263902857239e-14,8.275081854102685252e-14,5.083163776976676518e-14,4.845499488938606389e-14,7.352576511813154400e-14,2.181275998693294417e-14,1.594010295867367541e-14,5.976573400853449547e-14,9.834723027363348110e-14,5.928692194358223732e-14,3.977526682127110630e-14,1.100532857356668821e-13,7.499544090372594105e-14,6.771614562954280352e-14,1.879515497615929392e-13,1.100205187016285172e-13,3.917011165728072772e-14,2.696192388054896850e-14,3.486576366125352808e-14,4.523816562629653986e-14,8.885142153355485592e-14,6.415683674834026627e-14,8.265673519457632789e-14,9.137278499652575873e-14,7.090535256991244892e-14,5.642015423217091363e-14,7.036288659698817364e-14,7.625094953970610784e-14,7.925803832973785785e-14,8.933591645832103361e-14,7.906880669590388201e-14,6.105440434820647727e-14,5.206330461533467278e-14,3.115278403891539415e-14,5.574517219624295899e-14,2.322829957181999448e-14,3.698332671719658199e-14,2.428071832285246912e-14,7.718556033913887767e-14,9.538690785940985245e-14,7.237777801482533361e-14,3.340502291687559302e-14,3.008126140943848385e-14,1.662546502897050028e-14,4.334654389767690579e-14,2.616204097148897105e-14,2.807074927608817263e-14,2.878781918056023739e-14,3.478508665949039624e-14,2.721236337154793174e-14,5.149982365119843123e-14,2.338168344570222140e-14,3.258561591678533847e-14,1.904658237590802537e-14,4.942391631871397462e-14,3.537453834071071184e-14,3.795612174556293118e-14,4.669990229474048862e-14,4.540297173802760077e-14,6.532329475067450253e-14,6.163895833778308426e-14,4.913398040727214033e-14,2.952276390569601850e-14,3.944538895454163354e-14,3.537428488464099818e-14,4.164211841814414495e-14,3.329521971126990665e-14,1.537321364652422414e-14,1.476985982552244580e-14,1.316266824319366875e-14,1.641167638666326267e-14,1.414538791857092055e-14,2.188491524055422440e-14,9.136542800319594615e-15,2.177599155321195484e-14,2.241657477922062006e-14,1.227403675028248158e-14,1.820360913291709023e-14,1.284143892712895184e-14
3.935624070794542150e-13,2.210399983019026049e-12,2.905938305847721698e-12,5.773799577826640996e-12,7.443217014869265960e-12,1.094170144833527130e-11,1.008178231499670736e-11,4.163749870633427276e-12,2.957226433902224652e-12,5.041296466998828066e-12,6.112983562987308039e-12,7.997895716626512895e-12,5.707318616188652772e-12,3.628636681541037600e-12,7.668283489076725105e-12,4.579626305201961390e-12,4.549152860335553381e-12,3.288875035293045351e-12,1.650462899995344963e-12,9.317106362959974611e-13,1.583260989379183529e-12,2.883139142574797970e-12,2.901755554056558552e-12,2.136537824290256071e-12,6.767444502554450723e-13,5.162456003282769366e-13,5.306424486110882727e-13,7.334966065681480973e-13,4.211448088885631327e-13,3.685416372453337873e-13,3.019369144776749545e-13,5.930385194015474277e-13,9.289855493715363209e-13,9.651050658692521302e-13,5.448921798459656816e-13,2.381244169834605583e-13,2.959916671820366771e-13,2.788187609549201279e-13,2.451094412732713848e-13,1.891287378035567572e-13,3.485024318304219621e-13,1.381066151849842361e-13,1.126784396357889241e-13,1.437916955975238819e-13,1.651200826021011076e-13,3.452059234646052301e-14,7.007424394553593651e-14,8.040960324323459191e-14,1.160567241081326316e-13,6.786389413510575237e-14,6.197045714498307945e-14,6.687974947494378246e-14,1.348997187775879425e-13,1.245745914074625923e-13,8.426537769439306642e-14,6.514314339531028769e-14,9.451625900281217772e-14,1.045555052646034795e-13,5.246620050813067770e-14,5.339016500838084137e-14,7.502050171403324212e-14,1.141139439028278888e-13,1.181574236918866144e-13,9.399471190604237095e-14,2.342164658599361024e-14,1.140396683673847784e-14,4.377234626121248206e-14,7.595814951508282566e-14,9.122514326959769841e-14,9.885850292271048114e-14,8.840014782320212776e-14,9.277938392844360799e-14,5.527801320666134038e-14,5.645590598747836538e-14,1.052273578394309150e-13,1.383969567409516166e-13,1.866815308489533582e-13,1.747398073313230052e-13,1.583470512027501610e-13,8.198674175025378681e-14,3.193339398659605147e-14,7.073405230501528542e-14,6.408246083256583345e-14,6.102405420426876983e-14,1.053874889967759921e-13,9.173630638902216565e-14,8.530308838216430868e-14,2.953849772937644990e-14,4.041125354176020095e-14,7.529713974837484308e-14,5.172798255869225282e-14,3.924552292266384585e-14,7.188236428015208214e-14,7.019356870084545049e-14,5.872916442233015782e-14,3.932568097893946121e-14,1.090853211052831139e-13,8.647545261269019019e-14,4.859838338273388901e-14,1.605103706075785348e-13,1.361030853420493204e-13,7.059810292067564771e-14,3.923087665770104199e-14,5.101522921827027161e-14,6.039665508625900193e-14,5.180653927743914967e-14,6.178838539643918425e-14,5.436675129127495297e-14,6.994074209244915460e-14,7.403393913697778740e-14,4.903639888487525824e-14,6.218411981468327909e-14,5.847735390903479911e-14,7.133446378493257529e-14,1.153750983465652210e-13,6.975500310815263558e-14,4.605620660243058421e-14,4.463460088173979151e-14,2.348019591730830636e-14,4.786465916913168146e-14,5.132723688221493797e-14,5.414922131376312339e-14,1.645172856012574746e-14,3.760275746217142261e-14,6.808568917837873299e-14,3.159170694989682775e-14,3.975937687972408581e-14,6.474253148539347576e-14,3.447536500883534002e-14,4.650562709763444956e-14,4.615565040358317941e-14,4.516102684745415328e-14,4.147643604220082239e-14,2.815675070159536519e-14,2.340123270809110859e-14,4.819163461354750282e-14,2.072808942230650982e-14,4.682057563814935759e-14,4.988987598859594234e-14,6.393879167901131735e-14,4.610630928342563844e-14,2.142153839610057149e-14,3.873421576845467128e-14,5.021446774587085596e-14,6.123549993814228818e-14,6.254102739997130025e-14,4.473678332000993864e-14,2.412831859205766028e-14,2.337349199655719479e-14,3.826498783372250739e-14,5.329337970217158249e-14,5.087511215402801655e-14,1.913554787759457800e-14,1.229058496252980526e-14,2.149692569899453486e-14,1.871263704347411980e-14,8.280434710512430903e-15,1.356671189220146108e-14,1.638013544446809514e-14,1.934953909181952367e-14,1.174677900380271161e-14,1.089612003557353505e-14,2.805791527653110312e-14,2.196390108982205980e-14
1.940052413173945028e-13,1.348847881196215733e-12,3.651191092336715415e-12,7.909959245199031531e-12,1.214277497591509239e-11,8.035164314205952102e-12,1.014172638171968468e-11,9.136544492648757781e-12,4.890585085285396835e-12,5.650797936383286922e-12,3.178681605966939704e-12,4.949262504776777889e-12,5.502178922853374699e-12,6.876320706147791627e-12,4.885620364193076493e-12,4.994302559262274223e-12,4.387532642977871829e-12,2.981123988584352199e-12,1.180303134109185653e-12,9.667953912332761744e-13,1.099013262685820434e-12,1.374003031184183136e-12,1.022650000864812978e-12,6.633336447532469399e-13,3.678795429680098160e-13,1.330043135079354538e-12,6.396524794304511744e-13,4.604116582242318276e-13,7.534577981366543444e-13,6.069647650859469281e-13,2.836004865741575531e-13,4.181065182585741210e-13,1.955728067006326628e-13,1.798207634583118840e-13,7.740860835585579153e-14,1.463700676487846092e-13,1.436654064595320400e-13,1.957028162616673201e-13,1.883017726141529023e-13,1.078331662343594213e-13,1.219431465602119674e-13,1.460386199233647735e-13,2.184206409950884099e-13,9.189718364545120617e-14,6.320133439714924387e-14,1.582859014957831751e-13,1.389479345172519400e-13,1.799180623549204996e-13,1.308203230614832289e-13,1.333092682151143868e-13,1.346513555282098283e-13,6.046175767444418614e-14,1.666928357025308661e-13,2.278567880736233641e-13,1.299823159880298923e-13,1.399706217047717571e-13,1.912074114893475276e-13,1.561732283909667897e-13,9.252874705708595368e-14,7.663326619076165272e-14,4.141019661812908353e-14,5.807892112185293534e-14,5.850384095567135565e-14,6.622267952347010879e-14,2.926476774090047177e-14,2.618425008456207118e-14,1.102423993881989400e-13,1.378316275533893031e-13,1.070077900174619190e-13,8.148535048471402390e-14,9.687219680858188881e-14,8.769020742832643983e-14,3.442579152970313287e-14,2.759557059366987358e-14,5.886722759124812459e-14,1.752242604900530666e-13,1.841428781455015800e-13,1.560821112705218434e-13,1.302192848989462574e-13,8.233770211613663538e-14,4.437473280642912589e-14,3.876683829018819831e-14,8.704657090166023131e-14,7.013069220774421129e-14,1.176326185922661101e-13,9.697414608448625881e-14,1.366693862957583768e-13,6.419709230142183347e-14,7.164593535296170968e-14,1.132150698449876964e-13,4.728495098188326652e-14,3.040297667473720821e-14,1.141678275766101424e-13,1.116565420305482964e-13,5.394668741122252758e-14,3.613741584857752066e-14,1.243407002328129253e-13,1.411839186189927215e-13,9.977804979480863529e-14,1.723369635603722776e-13,9.717705635062732475e-14,3.524652411083387402e-14,4.694388885886332428e-14,4.284190327003834815e-14,5.314108574824124077e-14,5.438578511875575558e-14,5.575529187522796826e-14,7.985843590575977716e-14,7.148726855824026548e-14,8.111286666585058926e-14,5.345825961005103883e-14,7.954016027642907030e-14,5.611734656170791193e-14,7.072905068164137902e-14,5.858355858489559622e-14,5.057801204352010135e-14,3.240314391668522687e-14,3.265058922383706012e-14,2.388187574602185633e-14,8.273250435360550774e-14,5.479292482182803019e-14,4.187532399028669561e-14,2.024348390277621435e-14,4.712598094830864717e-14,6.387080070706706515e-14,5.434874528595836297e-14,3.259036302949900623e-14,4.089022297457235683e-14,2.646344583181973928e-14,3.779635440139663773e-14,3.943968522560829320e-14,2.195116335262230707e-14,2.789824655299274413e-14,3.171590033137166586e-14,2.411359160645131823e-14,5.049193694004622997e-14,1.582736824747882517e-14,2.911198287622939442e-14,3.569263239326935977e-14,6.427316561834333678e-14,5.120040008342837950e-14,3.954708525656659682e-14,4.877037908451735010e-14,5.277762600809314649e-14,4.987006894488271138e-14,5.103175348426220715e-14,3.929218442855605185e-14,2.233787843298167127e-14,2.697538861249294656e-14,4.309114581976345657e-14,5.248349740257396699e-14,4.033484869013882029e-14,2.123438559341088852e-14,1.896873011888501617e-14,1.017949221497341506e-14,1.047490701967129447e-14,1.029303932303367962e-14,1.707542168886136505e-14,8.236977266903176323e-15,3.165642630251434959e-14,1.582159115210323075e-14,5.274096975271219849e-15,1.639890674764685105e-14,1.695019933386188130e-14
5.712802317199741432e-14,1.353342871354342623e-12,5.601452336879318750e-12,1.047399429809254972e-11,1.935292698414310225e-11,7.166109913768774695e-12,5.520784049948402331e-12,7.989949518050313267e-12,9.396681824339317906e-12,9.023503081094111223e-12,8.429665526857230712e-12,7.133193839214634354e-12,4.405089016524098778e-12,2.691598733797069887e-12,5.155675382784549343e-12,3.464277454848203716e-12,3.923327246129536321e-12,4.513688051432863028e-12,1.900066211371116806e-12,1.058366844987820714e-12,1.051799806411566095e-12,1.486180614519472189e-12,1.117151979668677120e-12,1.100210289622598946e-12,1.122797581536936796e-12,1.171262105021318725e-12,1.098313949312419293e-12,7.353635069546655040e-13,8.928081377005752887e-13,2.725361451363531045e-13,4.217279969810041408e-13,6.228351600403373865e-13,1.427667268674666689e-13,1.939742958187302042e-13,2.044702780082196268e-13,2.164317930042243481e-13,3.068754789833391954e-13,3.438628661840810960e-13,3.547247230138189662e-13,2.413500051842992326e-13,1.446864109406741598e-13,1.007136861180734437e-13,1.658427965584252994e-13,1.359023927587069357e-13,1.678945956413784405e-13,1.063181565708199268e-13,1.212719273565443890e-13,7.826394973093312116e-14,7.138746658290476037e-14,7.523667631300051481e-14,1.110222861978676412e-13,9.383538663256830381e-14,8.804837833746436069e-14,6.140618989926323707e-14,6.694294877367146031e-14,1.019191679415555369e-13,1.061709211911711841e-13,1.280631201495227208e-13,7.439174525151704776e-14,5.632654721648646862e-14,6.884920300131743842e-14,1.193774686126445440e-13,9.479943720528150358e-14,9.662712952026808654e-14,5.525139372706307517e-14,5.213343447190897669e-14,8.572433118185659298e-14,1.061811004151593941e-13,1.467640349691570375e-13,2.121585453376008422e-13,1.692302882170143986e-13,8.257311596568451525e-14,5.028729343464453779e-14,6.714105584276994071e-14,1.367176299278148925e-13,1.785612673354395642e-13,2.067150283829460395e-13,2.173872262391383016e-13,1.476969992577780678e-13,6.744503016732062063e-14,4.637233633482861400e-14,1.550341804667244190e-13,1.098473114526536554e-13,9.896911961330201324e-14,1.301981879105377850e-13,1.770369731865434447e-13,6.243763203867471416e-14,1.590783124890969830e-13,7.119546195697726671e-14,8.417657913839186738e-14,5.854584339628972621e-14,7.392437260166015832e-14,8.992335064210622036e-14,9.484339012405394186e-14,8.414690646499540007e-14,7.354874072437880826e-14,1.005414407305970897e-13,7.934325508165497368e-14,8.310411264686056403e-14,1.878807217929180417e-13,1.253898136416224138e-13,7.772890813365946249e-14,4.561169965189362833e-14,6.092704350125067059e-14,1.060081031420518636e-13,1.144437935509496524e-13,1.176540365051381458e-13,9.510915091949125998e-14,4.511230806349582206e-14,3.264834093678341389e-14,4.500959946573654132e-14,1.203182020670622337e-13,1.110924853064414978e-13,1.217459254196861756e-13,7.026000367338416549e-14,8.504855761307670946e-14,3.531680057798208098e-14,4.099295815248907364e-14,2.929720862382185407e-14,2.119382014560244212e-14,4.059420377147956793e-14,4.756005867605677169e-14,4.277778875375869256e-14,2.147467065670298485e-14,7.522976313757046002e-14,8.122600814750754567e-14,9.827799002293268599e-15,4.225980676214237393e-14,7.298706013956894348e-14,9.743157211960868287e-14,7.096887236166574034e-14,4.136094901679991581e-14,4.932662113574628118e-14,3.204676969793785838e-14,3.771048263714015133e-14,6.881825398324500070e-14,4.418578853990725830e-14,3.923391304643604121e-14,3.978584857114955461e-14,2.316748580910607906e-14,4.008121371239211229e-14,1.870060915044346066e-14,2.936998720743523602e-14,4.076538406394750477e-14,1.005346859788442184e-13,6.345816045858351664e-14,2.814849312578735675e-14,8.734894082757155916e-15,2.238401081914205587e-14,3.374685253603400183e-14,5.432021470471868030e-14,5.757709380828810584e-14,3.921123241379737594e-14,1.465810138502635844e-14,2.639629974880198401e-14,4.129578178839333207e-14,2.005597368522350333e-14,2.030476237173755311e-14,2.324743185689225134e-14,1.823250986810646497e-14,1.923537146816269300e-14,3.490833914285422391e-14,3.749528169335675485e-14,2.125285370771640223e-14
4.437760994985025420e-13,4.165199092947502070e-12,5.021833941307711956e-12,6.665789190135725345e-12,5.357076629838325311e-12,3.133910965971220701e-12,9.290989636621523656e-12,1.215065282670715149e-11,1.273088322756562125e-11,5.378646571466780357e-12,3.724503739971967333e-12,7.307374128232119942e-12,9.594899972076415575e-12,5.193179781248872690e-12,4.975353872703426748e-12,3.220662776231088016e-12,6.026241667563683588e-12,4.535452681475580957e-12,1.235042743628716586e-12,1.294839663591254763e-12,1.569094009429837595e-12,4.803607537359187403e-13,1.374571528022783258e-12,1.872482767127197550e-12,2.268256544574029505e-12,1.226869178772825633e-12,6.089948289737097988e-13,2.942152812100864501e-13,1.851604588519748228e-13,2.520980932018986518e-13,2.099605329830552119e-13,3.351330289084509986e-13,3.264087377453059519e-13,1.307041627769500737e-13,2.578752410906707637e-13,1.567751996398194345e-13,3.199753590162358676e-13,5.144996399494199988e-13,1.717674868670251513e-13,6.552130510284113915e-14,1.606880225946541143e-13,2.806062373793587085e-13,2.431549523326048572e-13,2.342310507798516369e-13,8.160491016142884813e-14,1.209819391027355302e-13,1.550714289775454377e-13,1.220563847198412625e-13,2.647457670615893560e-13,3.066625896002687844e-13,1.131955223438348435e-13,7.199110777097582612e-14,1.216523298728623688e-13,1.907725122743877908e-13,2.356025267518575863e-13,1.610768921702604277e-13,1.287578071297776365e-13,2.369367590568078375e-13,7.232923147536283483e-14,6.385813095243423148e-14,4.559201279758096924e-14,1.064348821749815403e-13,7.085472042354418289e-14,6.499149995887190119e-14,8.938275161012705875e-14,8.543141761090271932e-14,6.876749136016143613e-14,6.308830784499065062e-14,7.712080473494463292e-14,1.099697129639355941e-13,1.459605505182226513e-13,1.462170481992814444e-13,9.569405105252713327e-14,8.819704264429180229e-14,9.284842932672820298e-14,1.619878896860321108e-13,1.574855918570007269e-13,2.118215270186429002e-13,1.933173345765998584e-13,1.619797971099851456e-13,1.142103149298872041e-13,6.516378375743474790e-14,6.793466319943446915e-14,8.205753408480767974e-14,1.556704158167122282e-13,1.027286829498358792e-13,1.473375773356583028e-13,5.276583850077717335e-14,8.560127466790887041e-14,1.289144646382586060e-13,9.035635937921382925e-14,4.601021062050042904e-14,9.644541396878970979e-14,9.371624840905557787e-14,7.926134257710205574e-14,7.654307952339243856e-14,1.457153524263281636e-13,8.129453373223500326e-14,8.947254081437903438e-14,1.938120979902144620e-13,1.594273028705898503e-13,1.466002852777972989e-13,6.911033571172720105e-14,9.692971965679211298e-14,1.246737001955516796e-13,1.660514210954283645e-13,1.670394213874671308e-13,1.207002917629854194e-13,8.636212488630497388e-14,9.423137845253560949e-14,7.897925147816954980e-14,7.301269234452952645e-14,6.157210043506490224e-14,8.437744994346123537e-14,8.332224732288998038e-14,7.977516121054933173e-14,5.444195616098164662e-14,6.661452353417994451e-14,3.508335814904845402e-14,7.805727678389567160e-14,6.685848788873835056e-14,8.413805629428111955e-14,2.468863859029068640e-14,6.795132466445264795e-14,8.143102376317585791e-14,6.873656325280116722e-14,4.431951597380464254e-14,8.558030321926384022e-14,4.475568537059787667e-14,4.560006137974153231e-14,4.229170486133328972e-14,3.337662607862576060e-14,5.314532721453517379e-14,3.832552541805243517e-14,2.986920296990448447e-14,1.655896743072879607e-14,2.952515447807424196e-14,6.401555567103800372e-14,6.750633364673133581e-14,5.478955204192197229e-14,6.182039195902799158e-14,2.069713056880088116e-14,2.288232861517731450e-14,4.030423536405513987e-14,5.130562410398810849e-14,3.400280797912827989e-14,3.178080397237733973e-14,1.652845642728090239e-14,3.607919918365823040e-14,4.953689742310628461e-14,3.653135203606327437e-14,3.521089942861983381e-14,1.523825969379727908e-14,3.018496117190145011e-14,3.342527343282183423e-14,3.163801253310117104e-14,3.111076297298771853e-14,2.678476189977089414e-14,2.415243973407577383e-14,3.172887024762720811e-14,3.444714068033539660e-14,8.425974579174547675e-15,3.273894994791923977e-14,3.974726531798027739e-14
3.171961338948465864e-13,4.868375787380721902e-12,1.268366145665186067e-11,1.190692139590548416e-11,1.538555666716717417e-11,1.807309979215473280e-11,1.489381194702908212e-11,1.627298247379622543e-11,2.571832320002745614e-11,7.576850226316913237e-12,8.583720212191545059e-12,5.245558126989927805e-12,5.397666530343082668e-12,4.186831317041946753e-12,8.671935485964717769e-12,7.611500605166323298e-12,6.841541265277198998e-12,8.467339377192725536e-12,5.453875812693196541e-12,2.789121840712867227e-12,4.431425679879366533e-12,1.378071553156330467e-12,1.596003936855342077e-12,1.793582100729866648e-12,1.560510014407673967e-12,2.415849854167636389e-12,8.648168021407939276e-13,1.047498555676083981e-12,7.370104692179065223e-13,1.204860159547268207e-12,6.695818759032818674e-13,5.927725287804680884e-13,3.612414810152117508e-13,3.101438783959948966e-13,6.094881451980492333e-13,2.922130773245873273e-13,3.129337798965415476e-13,2.011343063261703987e-13,2.094469239862684733e-13,3.151677710293493745e-13,2.514199994558581899e-13,1.239762090268044712e-13,1.505060645249957007e-13,2.799901948079540698e-13,2.792934575509031127e-13,2.776666704742843540e-13,1.756394130522925622e-13,1.349161972132116256e-13,1.369463984248583620e-13,2.377122550864629751e-13,3.046670204443133307e-13,1.470526175865425608e-13,2.225180686873346980e-13,2.362858811021791200e-13,4.000683866615894881e-14,9.726689957460879025e-14,1.030018943613138220e-13,8.517802322215108701e-14,8.907696721760488977e-14,8.299635656303619248e-14,5.882066620949087592e-14,5.922532207736806987e-14,1.228918085100873033e-13,1.768201297901728060e-13,8.519866214904059552e-14,9.587429559745468893e-14,1.546338100242190159e-13,1.215387628077663679e-13,8.856125791007266285e-14,1.038255148121034336e-13,9.619125877339311525e-14,1.523250449276739207e-13,1.467325820657783514e-13,1.586780946517796130e-13,1.620988040905783715e-13,1.153429251549354508e-13,2.127819298285206188e-13,2.942750617395279005e-13,2.093859577664707295e-13,7.837585551300722565e-14,5.980058356491441143e-14,7.496007016042350160e-14,6.784400929942525359e-14,6.050995169258663069e-14,1.496847591773365950e-13,1.179639450019606660e-13,8.130885638277901527e-14,5.387745338962026055e-14,3.818780823705712235e-14,4.526089577453794669e-14,9.289013213124560091e-14,1.064763928513468022e-13,1.121423131375482700e-13,1.944942908213637263e-13,6.640338335546268314e-14,4.459105092852616891e-14,6.738329336450765162e-14,1.112138036180859017e-13,1.116853185754288308e-13,1.398357273600906493e-13,8.380482979414051936e-14,6.899347951538066677e-14,1.022776743262259392e-13,5.488642962133957655e-14,1.680709163379486140e-13,1.407693819412553966e-13,2.681362513513502978e-13,1.767150304612738071e-13,9.847033413718990278e-14,1.042757521741544425e-13,7.406592331923705369e-14,1.051087048535951967e-13,9.201453175732127645e-14,1.152935693833556925e-13,8.686236464388901998e-14,9.475264775819045714e-14,9.772305876757917109e-14,1.155610750269590288e-13,5.736534950596452730e-14,5.379194028854467758e-14,2.546291849459679296e-14,3.690851888654531684e-14,5.945708445273879822e-14,3.894863644731504408e-14,1.107329869722629032e-13,1.201461642648630726e-13,5.575038809664458195e-14,8.691117767863580859e-14,5.349738025596128533e-14,7.403700624345142611e-14,6.066376559083706590e-14,6.715422204730656862e-14,6.936829343856486946e-14,3.746608977007244800e-14,3.422874717276254002e-14,6.303488873672224907e-14,5.648794342536288034e-14,4.090881760636403520e-14,2.635908750117570349e-14,2.722380295373369582e-14,2.261963866882909329e-14,1.243270224974538552e-14,4.555217123237967246e-14,6.911173670618002602e-14,1.018068295043188716e-13,5.566879998967791842e-14,4.243640322133030434e-14,3.226350003884579607e-14,2.734088421491594794e-14,1.663338539720830362e-14,6.969857299499893141e-14,1.144473385356962498e-13,5.139175998361349837e-14,3.262382648376221303e-14,4.125260925052853340e-14,5.665271084764115420e-14,2.202640984154097798e-14,2.776095771946600525e-14,4.317615439753940725e-14,3.672092221737574526e-14,3.096328855837785837e-14,4.598773750787317435e-14,1.254378322015433390e-13,5.100887276629201414e-14
3.786947673546720712e-13,2.483555956329179784e-12,5.700718470910515074e-12,7.872925229125495984e-12,6.461009342305629536e-12,1.739471949788523333e-11,2.069634729399795972e-11,8.050038330776145005e-12,7.763663184686257382e-12,1.490742762283535948e-11,1.177956367722502825e-11,6.740355540364844345e-12,2.096273510552955295e-12,4.287420983318027749e-12,8.519060741987898578e-12,4.571481156725202626e-12,4.469487136209195292e-12,4.298890537861247282e-12,3.377246014174315032e-12,1.698574747274705865e-12,1.482557841241440358e-12,2.103997579270337416e-12,2.969479432383537797e-12,2.008230886477873277e-12,6.938639275490644718e-13,5.760024533820649261e-13,9.832665770589375161e-13,7.647471403135966029e-13,3.119768427757859081e-13,4.975582797093656782e-13,5.097276818569137491e-13,4.801790705066961970e-13,5.686502948370970515e-13,4.067426762675913019e-13,2.861691062368178394e-13,3.637623744461216135e-13,5.339265230872472629e-13,4.369756490071928630e-13,3.375305235032909247e-13,1.649656901986243554e-13,8.554320294703969531e-14,8.362850127893625989e-14,2.011494091849640577e-13,1.562065841031698867e-13,7.059699984086021888e-14,2.036261201921757340e-13,1.604686317035743100e-13,2.027649419461982400e-13,1.454840545257297155e-13,1.921645518912982484e-13,1.278475789507424077e-13,1.435492006872782357e-13,1.332597005026074743e-13,2.718682862905844495e-13,1.664628642304277031e-13,5.288303113406693095e-14,1.361247176173076218e-13,2.089534280221097613e-13,8.124068081221715198e-14,5.407966729747595583e-14,8.538394351427406391e-14,6.002780653133952340e-14,9.147972495079861685e-14,5.992404573679392327e-14,8.099554726438782636e-14,6.621565714045941066e-14,7.825066480151833763e-14,7.695843659355140137e-14,7.373449831685964222e-14,1.167335167687175593e-13,1.429099893254739521e-13,1.274547706836261679e-13,8.358259053532390975e-14,1.033898360339786307e-13,1.061964487205608612e-13,7.009980671609177724e-14,1.625203817704928902e-13,2.448290916847368659e-13,2.286854273237812105e-13,1.291827021325298353e-13,9.135221443438209454e-14,7.541602034114541563e-14,9.849752511058940752e-14,1.477987797254947357e-13,2.257407745962688884e-13,1.455572082081350157e-13,1.426713771486398831e-13,7.146642436265292403e-14,9.525123943281687449e-14,1.805296441055236919e-13,1.083098614794109048e-13,5.841432497043340300e-14,8.991660618974254482e-14,9.548497688384243487e-14,5.811746684579839691e-14,4.501568897881201038e-14,1.014952313172078143e-13,3.471502059570434600e-14,1.060759230042390069e-13,9.954631354619707074e-14,1.084980523453634073e-13,1.816878241167759954e-13,9.850079445240696343e-14,9.100890259718314544e-14,1.323325340962275385e-13,1.491979018043337905e-13,1.318486387491107156e-13,1.035010436677140931e-13,6.428253758759908363e-14,9.008564747639539049e-14,8.958383397107803616e-14,5.182117181929419745e-14,1.080133663090856093e-13,1.208173384798114773e-13,1.855985417756761145e-13,2.005648457921910196e-13,1.890530930240385779e-13,6.464087793791743807e-14,4.159517108707680728e-14,7.077218970936633288e-14,3.705437545761603242e-14,5.368896076671390099e-14,8.584594145555315018e-14,1.521715916295262186e-13,1.157617387463441864e-13,1.064408751123978222e-13,8.663558370481213402e-14,5.883972428520430862e-14,5.567877322115800909e-14,1.182129750051387626e-13,7.865340847868945880e-14,4.379742100047763699e-14,4.648348172995127110e-14,4.194636767752234378e-14,4.914158735600087668e-14,4.087154792715607209e-14,3.765009125170665656e-14,7.922759272230333337e-14,6.282609465896487724e-14,5.829777232883261548e-14,4.841984103110868615e-14,1.837393657635149895e-14,3.117427509936719933e-14,3.026032302805335838e-14,6.136363193839486607e-14,8.923896784124467403e-14,3.792637314273138557e-14,4.397151801884891528e-14,4.395392676117271242e-14,3.908226247728645624e-14,6.159752358204326812e-14,4.730871204999444560e-14,3.781282907841754554e-14,3.240752010031776507e-14,2.774095534460705368e-14,5.682905728965866325e-14,7.463174464414412740e-14,5.055103270803398985e-14,4.259717133100189680e-14,4.589353500422993053e-14,3.947135449277097363e-14,3.426890502648966231e-14,4.445485547602622279e-14,2.545821123496370032e-14
2.959767760688303146e-12,7.537610123009816270e-12,3.517703877176721239e-11,8.324996430459355899e-11,5.942920096291139856e-11,2.974807648559072557e-11,4.469104545925398343e-11,7.665961862646459968e-11,5.040177926426478753e-11,2.235082280242524739e-11,2.713476262290718750e-11,2.296083062213136467e-11,8.621680787329125532e-12,6.525399294699236039e-12,7.675088879928762871e-12,4.757683191437336702e-12,5.813146744187091104e-12,8.385183508075321268e-12,7.093369739430817613e-12,6.300685475498210012e-12,3.431763902401572839e-12,4.358409684031422499e-12,2.486420655845675486e-12,3.605359906354503490e-12,1.803177391220050433e-12,6.095780123972090536e-13,7.221173884888222895e-13,9.682100979368480028e-13,6.640170125101114792e-13,5.783849595298623476e-13,8.717817980634734287e-13,4.037517706407307937e-13,2.855508237970884993e-13,3.530892613698419116e-13,2.030493670549024948e-13,1.909670032936614956e-13,3.248636909874718177e-13,2.868411120801140572e-13,1.581150410606874251e-13,1.563824695814674442e-13,1.951726558939927623e-13,1.140365855947728391e-13,9.589588627020026754e-14,1.189144712130698707e-13,7.702014559402792715e-14,9.778779485075664707e-14,1.251756632693262586e-13,1.714156894236935350e-13,1.008743317059775617e-13,1.482042226782602075e-13,2.591856862349881189e-13,2.169976997593635414e-13,1.833545764078178441e-13,1.835472358523985239e-13,5.101340914842335275e-14,1.226058324135958223e-13,1.598714517801395891e-13,1.236453655695445008e-13,1.686546262878859455e-13,7.563369818278110887e-14,1.203332651274908424e-13,1.504470632909930771e-13,1.156190251859375029e-13,1.057737541412872280e-13,6.006179241510270185e-14,8.579924885168311898e-14,1.318463127136661750e-13,1.080472013091343907e-13,1.785917000751068245e-13,1.153134277700713851e-13,4.169901321479007163e-14,9.443096194235543301e-14,1.517863599614426514e-13,1.400137152894388166e-13,7.628358387727185023e-14,8.103582960668648057e-14,1.959064752037366751e-13,1.889732399321640194e-13,1.432004241291086715e-13,1.062612636111879467e-13,4.959624297787175042e-14,5.452549125299568806e-14,7.887121596192096906e-14,1.024905569458432296e-13,1.739178082474943133e-13,1.002346011602711449e-13,1.019838355683929075e-13,4.073078041909122779e-14,6.803364998048958978e-14,5.722745838650878990e-14,5.351037771161458411e-14,8.941666393162546865e-14,9.876186476738987124e-14,1.104235657764852868e-13,7.444113103424235765e-14,6.543253815925791774e-14,5.360141667557204545e-14,2.540466013748454789e-14,5.613588917191320985e-14,1.125018986002074949e-13,8.551914627002856499e-14,6.466371907182855441e-14,4.356763863352802729e-14,7.600297837434403276e-14,1.366130447354625372e-13,1.465089960526616305e-13,8.582187010394171229e-14,6.971159830457189043e-14,6.675518816410138832e-14,5.746576023660726697e-14,4.317800923914930249e-14,5.724060914964365893e-14,1.044542009274101872e-13,9.674662730794660859e-14,1.035211506148757061e-13,1.366165698869072361e-13,9.495031241131171872e-14,7.001152998863768803e-14,4.440201949533905452e-14,5.482920189413603091e-14,3.184942299658904216e-14,4.357913216294307023e-14,2.866236314603875706e-14,4.860512836733925945e-14,4.510186594845675309e-14,6.945992920653651561e-14,3.893775802215945213e-14,6.637132955230019311e-14,3.860115102340766328e-14,6.234239636944899501e-14,4.847632557978687599e-14,2.324577144992301151e-14,4.193406915678376715e-14,5.948094425430398857e-14,3.455288021101661990e-14,7.064371022808061803e-14,6.515266692240334823e-14,5.410089838588584610e-14,2.277283760302335431e-14,2.232070059582529749e-14,1.599715321577527695e-14,1.704939852383524449e-14,5.941571623592546609e-14,5.430372811763049900e-14,4.615860787647514903e-14,2.974657950886143860e-14,1.867680340342963932e-14,3.425319386016503764e-14,2.724601479511688974e-14,3.587428968616873477e-14,3.090559645462545138e-14,5.051790879547093490e-14,4.241235951362876535e-14,2.417718841628631325e-14,1.522686473288220096e-14,1.709546600300426318e-14,9.154366854283576509e-15,1.139570834262471244e-14,2.002426601052348475e-14,4.594949193937977464e-14,4.115992978579161629e-14,2.247941155809332426e-14,6.010001362246784553e-14,3.975576702350463849e-14
1.803760900804243814e-12,1.248747512980197494e-11,4.923495016352478796e-11,9.915901990608982285e-11,3.940841272724647073e-11,5.290496720676550790e-11,8.184336092935453004e-11,7.386865140842273053e-11,4.269680776991285380e-11,4.137236403881849675e-11,5.780517244714436771e-11,3.414455053262648918e-11,1.749624129244897446e-11,6.112529066189428561e-12,5.697084341749225468e-12,8.653091524605674671e-12,9.697620360901900222e-12,7.149438097138732574e-12,1.187195240817428069e-11,1.074095996053888349e-11,7.217533596443467387e-12,5.421179897833058286e-12,2.095750787559789529e-12,4.538724638499176546e-12,3.465990705319444894e-12,2.351208977669275334e-12,1.807408756832495255e-12,1.095780292956560692e-12,7.344192320443358022e-13,1.095622030354044138e-12,8.889732209737407183e-13,8.200399186835290514e-13,6.866383283478968363e-13,6.051684773130180892e-13,6.251695716220119857e-13,3.262239927027750875e-13,4.868143971991867802e-13,4.099248504879382195e-13,4.837086560891591097e-13,2.865756771048606333e-13,3.449874176135049328e-13,1.761869409610714371e-13,1.664855002558656667e-13,7.191610532827304174e-14,6.937230138359055182e-14,1.023019231619123797e-13,9.304766058260343672e-14,1.956230176755711990e-13,1.269370901202245160e-13,2.062315345919820590e-13,2.273558903422954284e-13,2.057942466844958747e-13,2.254015668250978805e-13,2.176967459100468236e-13,1.248731656862456580e-13,1.250617058177720026e-13,1.819655959797402509e-13,1.758031259634019767e-13,9.781123513249257196e-14,6.931553322395555789e-14,1.536272935227542658e-13,1.310483981932120590e-13,1.233399823970821342e-13,5.325324484460426856e-14,5.231813241203715910e-14,6.587015708444068537e-14,1.123366119422925862e-13,1.733572409010503783e-13,1.129337062805393030e-13,2.013830140603882199e-13,1.254689258673485313e-13,1.015680076079097335e-13,1.588242219820445751e-13,1.575076517712779428e-13,1.546048283825870445e-13,1.156975354041393462e-13,1.966178630335590129e-13,2.117793692818897520e-13,1.976079747169944164e-13,1.593110792273821696e-13,5.486132361892162473e-14,8.692486489659202158e-14,1.128833402193730156e-13,1.207838699193464711e-13,1.822264738941838523e-13,1.069959600882074288e-13,1.047434996491785400e-13,4.612951895100444831e-14,8.626909032033293176e-14,9.984690437504104741e-14,4.840897729245275006e-14,6.271184493861752849e-14,1.294627436154421443e-13,1.437992091217033531e-13,6.429168410719464450e-14,4.154004003099169876e-14,8.079000634583720246e-14,2.770378932550171533e-14,8.814788133222102510e-14,1.165714094059439541e-13,7.916145274987809182e-14,1.079224580536678435e-13,4.830054576970641859e-14,9.579214180041309870e-14,1.093068800101205649e-13,1.394769893861032198e-13,1.305835629733658151e-13,1.103973726026097299e-13,1.160993647139352937e-13,9.900850020641661768e-14,8.350365076372229048e-14,6.860021504390659538e-14,1.274051997867020735e-13,1.519119469589268678e-13,1.495914327819354551e-13,1.760126486252652163e-13,1.177471827275658253e-13,1.088280754698065299e-13,6.027903997868447882e-14,6.269288846468885952e-14,4.367508217040068780e-14,8.363667787142972288e-14,4.021608797031786070e-14,7.512751209326939527e-14,1.121437177164655075e-13,1.397307332537446852e-13,5.526710736210038094e-14,3.674964170386664848e-14,5.122328188993057001e-14,8.473004774461249173e-14,4.835533553247929572e-14,2.262691534677457073e-14,4.322946093062112068e-14,4.915373672837866214e-14,3.631813546274822864e-14,5.156439022697689890e-14,2.635746034305607918e-14,6.378872825797888529e-14,5.130928224294347451e-14,4.566820463926769489e-14,3.407861865442307940e-14,2.216715492993168583e-14,5.227600224044234846e-14,7.007252688507321901e-14,6.940511056753320604e-14,6.282203128968241990e-14,4.157953707697165066e-14,3.410497473078479672e-14,3.014933864786724235e-14,4.591418327661085273e-14,6.365014756746931758e-14,4.646508692966789825e-14,2.439518261842768510e-14,1.685850492937324331e-14,1.975962026269411910e-14,3.279872775217942073e-14,1.951908196016141325e-14,1.771459898393064120e-14,1.191539019909967591e-14,2.443154392795377476e-14,3.524318251771302719e-14,3.621827495119642336e-14,5.839259262047902911e-14,1.740593228116514006e-14
1.536043326385339297e-13,4.854901694226324172e-13,2.694826588816199237e-12,8.838802212103610775e-12,1.594970539743379662e-11,1.423860283324965597e-11,1.383872710721198529e-11,1.034079269892079299e-11,6.947129988515746791e-12,8.030362565628834082e-12,1.088037450263386604e-11,7.883208094961127521e-12,7.823369225237427465e-12,3.269316820015331912e-12,8.237023334304274826e-12,3.492026574237229269e-12,4.455356421046984296e-12,6.256603925270755906e-12,2.102806458906900672e-12,1.639665651520294082e-12,1.755081418949849179e-12,1.973880565534539530e-12,1.666685885258446854e-12,9.104781008715863251e-13,7.704636012408036232e-13,5.453979592515316935e-13,4.267852320577191648e-13,6.046279520023140102e-13,5.465481137212799198e-13,4.975088059893085421e-13,2.550250972109662132e-13,4.131247985576903466e-13,6.774542651228248750e-13,3.493162626718277216e-13,1.817515002309229530e-13,1.160789485011705111e-13,1.101807354072719760e-13,1.035146473932644863e-13,1.938359645539933400e-13,2.681634284324960626e-13,3.881689453904779771e-13,1.944297304160833805e-13,1.579307277791805759e-13,7.008238762930614683e-14,6.445684059487846718e-14,1.034782098858251431e-13,7.715070915603292250e-14,7.910782063108745379e-14,5.711338196438471533e-14,5.864933014120681084e-14,1.335197075553504073e-13,5.754509801857242739e-14,9.817049530726150456e-14,1.135217791902939187e-13,6.416778763344592290e-14,6.933013458562101014e-14,1.016039454805594415e-13,5.817939904178356290e-14,3.287166992405735022e-14,4.145224641762980005e-14,5.946622972094582686e-14,5.867237598679752823e-14,5.232445635000944002e-14,5.413619455916203465e-14,1.374079566962827015e-14,2.939766334714756013e-14,5.477451905013379262e-14,7.745208717410932358e-14,1.076951115636221851e-13,8.000497520593243627e-14,5.038931678590170224e-14,5.336299892080356109e-14,6.355854268161108104e-14,6.474066488881079755e-14,9.969307319643731922e-14,1.000069287156645140e-13,1.419907164308031817e-13,1.324314120924825390e-13,1.360630416943972270e-13,6.275967770443248346e-14,5.737607118210331271e-14,7.476605349684174201e-14,5.748583792438564508e-14,5.068185956890679934e-14,7.995746337922948483e-14,9.541570424177526751e-14,1.108206075011058024e-13,5.804262199063957144e-14,2.637902006319543574e-14,6.587586597079005093e-14,3.824254985109800897e-14,1.302931377480368290e-14,6.898756155080143544e-14,8.405063374785120613e-14,7.312738470751685421e-14,2.583970657217478952e-14,8.697487252860579792e-14,7.699378326971781887e-14,5.650980428102949597e-14,1.281911719235387776e-13,1.136829520341230430e-13,5.907131785254113119e-14,2.893787062469640065e-14,3.564055095869631142e-14,5.827336539376830863e-14,6.357986331841995408e-14,4.860262832339544290e-14,4.524360190346462962e-14,6.820549332296863274e-14,5.698077049615948184e-14,5.357547777971094935e-14,7.469041699621089505e-14,7.564455357874500182e-14,6.767091514848642642e-14,1.002619946003263936e-13,7.391239907013229781e-14,5.986164009132506837e-14,4.330466563057478621e-14,2.506097258870822703e-14,4.243947078943352449e-14,3.424669291884678142e-14,4.662457706453480847e-14,2.423261879390912915e-14,3.177939164417151577e-14,5.130369575217891446e-14,4.590927855443324275e-14,3.270923549000639668e-14,2.996794702680493930e-14,2.940459777713215159e-14,3.562694958193606552e-14,2.573980040565885328e-14,2.761580587600993929e-14,2.732009198024190558e-14,3.311396676644690831e-14,1.637048048497030257e-14,3.843708772240801249e-14,2.490749613287500283e-14,3.649407627965090918e-14,2.814989560735803554e-14,3.669536727873581434e-14,2.414844612359144278e-14,2.796172267098531785e-14,4.980502306116788758e-14,6.708528244673329239e-14,4.960826544406838230e-14,4.359827365664539432e-14,3.145835119877915834e-14,1.410829395772911441e-14,2.220588917159751055e-14,3.338183482337444389e-14,4.599395737910679381e-14,2.539370114912491406e-14,2.105476205141444832e-14,1.884946407585097825e-14,2.765891877007956098e-14,3.177224425968705865e-14,1.696523607793262459e-14,2.990278783978488759e-14,1.227542442192117231e-14,1.966878007201093590e-14,1.058676014155391089e-14,1.007269514168829867e-14,2.411373524546587572e-14,1.477278192350827335e-14
1.695133733498229852e-12,7.911174727705824516e-12,9.296726641287815714e-12,7.531173086076523416e-12,1.306245173789542478e-11,8.056176733450289565e-12,8.774896633335868367e-12,9.788094826381151412e-12,7.227175917558436407e-12,5.884913655690237129e-12,4.849385640136639116e-12,5.848461104944681866e-12,5.222648888093466880e-12,2.911932524790501905e-12,8.296926352047938629e-12,5.216158777046322818e-12,6.253226257705004702e-12,8.586212834264238723e-12,2.754443764211197051e-12,1.488293511534212836e-12,1.775912257586838923e-12,1.012310330359418644e-12,6.969059038049996795e-13,1.013937104223739467e-12,5.984543444223539729e-13,1.275288304942105821e-12,7.544161990986202747e-13,7.165514730392119328e-13,5.742843782642132809e-13,3.528452623456918878e-13,2.280340548211165854e-13,4.847107026769451444e-13,3.622169768378389283e-13,2.231673060662218464e-13,1.837651679734323209e-13,1.506900515320834335e-13,2.682634572437835786e-13,5.404366102831534651e-13,3.879035904091841109e-13,2.791016054495540330e-13,4.116866046793697543e-13,2.759929694858655230e-13,2.898447871529208330e-13,1.431203608018205756e-13,9.661354452495521128e-14,2.051820170363434396e-13,1.450029205843702533e-13,1.535593952026055753e-13,1.101630307074753165e-13,1.277530935960289467e-13,1.606887664127033009e-13,1.154058077257011810e-13,1.229261645800504295e-13,1.392996115073009464e-13,7.140635834984835851e-14,9.091133145881141793e-14,1.886540801476291529e-13,1.794147258384087828e-13,7.775401013830308825e-14,7.535321810824295285e-14,4.236359035494359024e-14,5.341231245134098930e-14,6.809374775877844944e-14,4.383753413219832170e-14,3.415526260163278813e-14,4.830052677789625602e-14,7.304158300291999327e-14,1.207532768208445134e-13,2.088623624064376698e-13,1.526171459286636555e-13,7.186060526285029098e-14,7.387601853256261663e-14,6.757118891826622572e-14,6.858325991454194368e-14,7.962669006609811267e-14,1.341732327088587687e-13,1.990153482843277337e-13,1.946720711217262909e-13,1.389876754193497152e-13,7.285231928902028901e-14,3.546048611762289268e-14,3.366340782138961365e-14,8.573265245112791178e-14,7.640818419313204273e-14,1.557171423495831058e-13,1.026503160808601517e-13,1.315027017606672510e-13,5.556339350828816707e-14,6.736710183234674812e-14,9.751546449763835548e-14,4.479125175514652967e-14,1.997227405683882913e-14,7.948092529703864140e-14,1.052747805855969838e-13,7.038781284065036186e-14,3.001684643513872443e-14,9.277803305685129092e-14,7.734224135963615411e-14,6.660646464190313517e-14,1.810265079519641867e-13,1.190177661858796031e-13,5.338771412753326347e-14,2.536696469029615008e-14,3.585767964797372339e-14,6.687692782790164955e-14,7.571700671679814680e-14,5.336062465337087725e-14,9.493799603031324088e-14,9.217193928960695436e-14,8.188758676352386461e-14,7.605284030053922570e-14,5.534046517085021910e-14,6.690888499636535274e-14,9.114243386149724922e-14,8.951837455909483808e-14,6.438290643201748479e-14,4.343746883339911209e-14,3.733149016826052884e-14,2.924330371073668588e-14,5.987001229588619997e-14,5.189726196590522259e-14,4.936945586766125511e-14,3.376385295711766637e-14,8.965746737489516581e-14,5.258638041724259498e-14,5.394738378143300756e-14,2.355331832463118485e-14,4.759503793345648791e-14,2.888185708757939376e-14,3.491524606902437177e-14,2.195111106512546206e-14,3.584646715786570073e-14,4.925406285883305598e-14,4.595350690301719624e-14,3.914517571256580636e-14,4.958095398974052357e-14,3.081051750547871001e-14,4.532027854115294226e-14,3.194819761763094182e-14,5.749846770753968257e-14,7.415148083864549104e-14,2.911433199784330906e-14,4.674546565417057220e-14,6.714232230478354522e-14,6.385728919972111014e-14,6.136347501699904597e-14,5.138011972160309949e-14,3.275137726797773201e-14,3.419191174309652869e-14,2.314726657930904084e-14,4.888994422307157295e-14,3.906301331738056516e-14,2.115253417150104121e-14,1.347044090099825878e-14,1.771139368879929471e-14,2.289583292647811767e-14,1.050567836744812278e-14,2.078856795405107810e-14,9.113507530775532020e-15,3.096277437920380942e-14,2.581605470605246689e-14,1.272572651549629926e-14,1.832232607364711892e-14,1.362526416924212564e-14
2.408677327293922353e-12,2.256484734532620902e-11,3.797795591498928851e-11,1.229785531856400895e-11,1.488267615688337049e-11,1.265466164511865763e-11,9.938657622044657977e-12,2.309289173201041946e-11,1.987215755449048709e-11,6.852653682891938362e-12,6.515964518618851502e-12,1.269881282080540680e-11,8.705254549490664033e-12,8.917943064197083423e-12,1.104193012847398576e-11,6.190232271377883604e-12,3.506404002225250719e-12,4.230686503164591902e-12,3.598855557471373306e-12,2.006152022822995779e-12,1.953097472504831881e-12,1.887649604827582878e-12,2.982873137352418928e-12,1.453471200759447073e-12,2.313225627449563439e-12,7.567588011687303865e-13,7.642123500082082687e-13,3.175975888389797349e-13,3.869427399712948553e-13,4.820153187274453168e-13,2.772139972009099915e-13,1.822952845916356134e-13,2.246929961166302860e-13,2.249134182962624821e-13,1.628433496482055038e-13,1.257889508265140687e-13,2.412480870964479561e-13,1.752375438409927091e-13,3.028319654958678438e-13,3.772279043966249479e-13,2.611045570294057047e-13,6.427075114783580028e-14,7.193397474116070154e-14,8.269595724469663105e-14,4.248152536574042318e-14,5.647776727872971383e-14,4.740429827846465688e-14,7.471559702380206660e-14,8.546166948058234842e-14,1.086539038680774533e-13,1.462410929806565649e-13,6.367800754776653318e-14,8.256267464894078714e-14,1.006097280437217495e-13,7.686377859518473767e-14,9.484627821918306723e-14,1.109779652497686771e-13,5.108241565914642635e-14,2.848526013862534213e-14,4.648296667902859379e-14,7.697345054738226089e-14,9.134784054690186162e-14,7.858826011220340402e-14,5.900027065673603400e-14,3.006939205820015125e-14,5.243806079089367746e-14,6.633887824100943708e-14,8.670614791379348517e-14,7.823377534857262425e-14,7.213922976033988764e-14,7.630288472492120328e-14,8.411281960302209893e-14,9.245654149958369512e-14,9.577310049247434159e-14,1.353192905160431552e-13,9.355801339404970944e-14,1.690478179752084854e-13,2.120913248109297466e-13,1.077440370019776829e-13,3.213984699645832216e-14,4.941630724489272499e-14,7.287626211303207233e-14,8.281336884566272946e-14,6.017121589534532576e-14,8.193772523081884709e-14,8.414479753392852196e-14,6.723313955694904321e-14,7.263046325030275128e-14,3.336679763220073713e-14,5.000752208142988073e-14,5.292988879437289357e-14,4.406505844244079408e-14,1.032108333872834654e-13,1.580483452221074173e-13,1.276606390243784784e-13,1.892110727102313130e-14,9.098560950845095707e-14,4.274862659033829869e-14,3.426208525705493989e-14,6.846700605838266805e-14,9.955900470247364056e-14,8.532357379737752644e-14,4.466727536635412824e-14,7.373768445400191852e-14,7.454520433805374496e-14,5.324855865508430267e-14,4.697764858937517276e-14,7.181310969600955417e-14,6.142581388125211731e-14,4.114141376346440554e-14,4.284987261342420318e-14,1.030697237982226921e-13,1.218419634400695220e-13,9.529045080680863753e-14,9.590234753496710893e-14,9.488253808441679365e-14,8.185227297111864163e-14,9.685441071172669173e-14,8.137192190386497270e-14,4.821675157373622010e-14,2.952640434772792314e-14,3.335895057844661824e-14,1.091304866033139055e-14,4.092735418757636091e-14,5.817441025232765651e-14,5.597062626191848879e-14,2.006414327465436027e-14,2.665618860785683218e-14,1.853292799919878627e-14,6.680579210993370732e-14,3.987506714113266960e-14,1.793547207012487664e-14,1.997493394138820648e-14,2.253880813873240569e-14,2.351847822906248440e-14,4.180471483681714737e-14,2.591772328276503125e-14,3.325814204359102906e-14,2.297125282820024439e-14,5.080128970910763270e-14,2.605646941250807090e-14,3.996571253249220672e-14,4.791165201725173824e-14,7.086490313277924498e-14,4.972334681336830063e-14,3.872676473299384993e-14,2.432504714138043799e-14,1.401521651900565307e-14,1.884492762392809300e-14,4.891187569819556263e-14,4.809532235982154812e-14,2.695425602477915151e-14,4.046391885662663830e-14,3.148730454372873356e-14,3.007831820868549381e-14,2.118555379398768536e-14,1.120254780883689813e-14,2.354794758302172382e-14,9.041317274748530525e-15,2.057542254713276642e-14,1.645698351371783400e-14,1.328668547667163312e-14,3.936475462781450158e-14,1.740975365671558893e-14
1.148351937586630263e-13,9.770353518388259213e-13,5.834122380072483908e-12,2.492394261320087928e-11,2.292095107983631563e-11,1.428761457591144172e-11,1.901878315619667136e-11,2.616543016882386041e-11,1.567793994389736771e-11,8.221283685012554798e-12,2.724393174181216484e-12,1.187430993991647778e-11,1.896573248073834863e-11,9.477525910326604317e-12,7.559066617553606319e-12,7.879673208828081772e-12,9.095106605505866489e-12,1.193216248729481492e-11,3.512608656818315233e-12,2.796219038379764161e-12,1.635774108633476662e-12,1.125671179918761719e-12,1.482589405418772450e-12,2.391718276347745855e-12,9.475994216234521651e-13,9.201490165298326058e-13,7.121041971303990463e-13,6.451664240475772781e-13,4.089006966060102482e-13,2.454618010051485670e-13,3.459899490279211583e-13,3.216750067602162439e-13,2.739048919434841639e-13,3.107115694599380527e-13,4.137172776417937130e-13,3.668725027885828700e-13,4.882799378581983663e-13,3.528039989865977853e-13,4.122363018052341959e-13,2.322053578807062752e-13,2.645495814099755685e-13,1.030691233598816864e-13,1.169934970794410038e-13,6.309398845176762807e-14,5.344488191421894534e-14,1.204135640963539988e-13,2.386503752318198530e-13,1.577921294343297915e-13,1.407133392245000940e-13,1.500792293785149593e-13,1.194004734686230460e-13,1.591241995709358866e-13,9.126739716566168041e-14,1.768758196788014060e-13,1.270929819909259766e-13,1.358691851046811552e-13,2.134039322563877998e-13,2.216401598725265140e-13,1.023649214266797012e-13,9.641226116957045367e-14,8.547422753739718200e-14,1.308027027152130417e-13,9.747451908935132192e-14,3.667153409649251751e-14,5.980608436192447127e-14,7.528992547854329053e-14,7.045887160463973740e-14,1.269371341493033347e-13,1.564736783415533161e-13,1.362491075818634407e-13,9.675198015164245532e-14,1.372902074790072297e-13,1.045866067043316742e-13,1.132381172359782958e-13,1.204425158102403964e-13,1.410695700097126956e-13,1.462539454277930067e-13,1.753936520070450925e-13,2.373061982913109751e-13,3.311021540898792787e-13,1.263549207981595024e-13,7.725241715251425201e-14,1.222817005731836396e-13,9.427812040962077169e-14,1.448014372401303314e-13,1.243988133372553394e-13,2.021962588772683489e-13,8.653102096008002590e-14,6.710652748143889917e-14,7.998222101103064959e-14,4.792633819711341952e-14,3.704094093448929872e-14,1.286225285778593544e-13,1.170176652866226264e-13,1.089155463335634583e-13,6.932000400645019454e-14,6.709339189713882621e-14,6.002415701080778140e-14,9.570924077804634279e-14,1.105809159253180646e-13,5.168496318624223093e-14,9.100966115796569773e-14,2.588641246237051407e-14,7.479640682436576517e-14,1.114273268075421286e-13,1.207212693238952634e-13,1.190395763625112383e-13,1.528434535556904955e-13,9.778642180902487127e-14,8.085706341096931979e-14,5.969357123628574306e-14,8.617960404385371217e-14,9.860311037115294635e-14,1.545655431359427390e-13,2.515476130690299415e-13,1.157829760430825408e-13,7.986042691337184439e-14,7.523821686898138872e-14,5.935878256857374783e-14,8.003154707898370096e-14,4.901616472788961095e-14,7.493922494624975805e-14,3.637097302085570472e-14,7.830605786105157942e-14,1.062287960589772051e-13,1.159614800415190533e-13,4.462140313458379452e-14,5.666071078408023780e-14,6.177857632467735865e-14,5.246862571531584883e-14,3.952004174787424589e-14,3.312260809287819134e-14,7.298186637231368353e-14,1.011764846556180256e-13,7.040511024395159662e-14,3.309808962690478497e-14,1.885692834489136559e-14,6.599589616128123958e-14,6.952203461898847178e-14,5.232121715944980417e-14,5.939062105462281965e-14,2.740166586234745300e-14,5.042882060128850999e-14,5.092358736470917470e-14,5.912090477542782158e-14,5.617107963134520199e-14,5.660149820285830334e-14,1.930084257925437202e-14,2.343897181567426978e-14,4.863518229961102330e-14,7.791281461920583239e-14,5.896748356728169617e-14,1.340753907639589598e-14,1.692032401386126159e-14,1.928506737502815730e-14,2.823430708232598556e-14,1.676987210242986997e-14,2.633197960517798521e-14,1.511411276688751229e-14,3.495018975381532664e-14,3.430321182327396405e-14,1.556210559241344417e-14,2.481952170773343019e-14,1.951117571927408392e-14
2.047097884931643400e-12,4.621267524140951066e-12,1.822741662821565692e-11,3.315522872316343563e-11,2.099076397200888823e-11,2.612754381880272503e-11,1.866113660269829895e-11,2.031080879756951120e-11,2.300584346323836616e-11,7.542548599959988375e-12,1.342834514952977716e-11,1.519950480746512888e-11,5.548927253443064874e-12,5.275308506900040583e-12,1.432209607581908116e-11,9.012086033937563280e-12,6.009107911979647289e-12,5.425099609998461793e-12,3.968591927435706880e-12,4.381502120752227096e-12,3.054957649577011820e-12,2.674866840922926773e-12,2.846143326611137937e-12,2.248064206949718280e-12,1.420516630358634497e-12,9.197603018720905530e-13,6.433948342566662313e-13,6.407275435952498080e-13,7.166672921780573139e-13,8.641479818065101467e-13,4.754726642226289850e-13,4.966452023234708387e-13,4.724793936541885901e-13,4.260993008123717589e-13,2.672718957729842018e-13,2.334551499967808155e-13,5.156913753683171956e-13,2.827635881532747742e-13,1.708610415772441324e-13,3.111235248174244229e-13,2.659906413597323009e-13,7.869543899461488446e-14,1.011123132772133498e-13,1.454913912329786479e-13,1.049322020178421991e-13,1.151282945638885812e-13,6.848797440444250379e-14,1.761843469040524447e-13,1.548304526355512808e-13,9.449573682690120333e-14,1.769440464147424647e-13,1.359256272150360292e-13,1.921258492202281989e-13,1.932998670856465394e-13,5.193152909157586656e-14,8.404755046159045234e-14,9.205423501581349075e-14,7.711989922028275895e-14,6.825789970784163113e-14,6.235444192428485502e-14,4.847363074818281020e-14,7.404216603299680903e-14,9.183021785267572968e-14,4.174240819602993061e-14,4.414607974130689848e-14,6.980886156193747181e-14,1.254529679378117158e-13,1.132010529361299268e-13,1.343498930795783352e-13,7.998913131391863376e-14,6.496760917978309910e-14,7.487506493556369929e-14,1.299895050415487778e-13,1.235036531594412302e-13,8.204808579543871670e-14,9.861305084292530641e-14,1.620968746049853353e-13,2.134144285676205420e-13,1.304279332871114350e-13,3.452105285912188798e-14,2.571674217948126031e-14,6.438732654590910697e-14,9.355706100117960577e-14,1.106908918384267305e-13,8.702843427216558296e-14,7.594381638653478509e-14,4.634308567150932701e-14,5.776828569808839970e-14,4.957032663633975010e-14,3.736784197897933057e-14,4.072715039036486145e-14,7.657621113215090749e-14,6.442823313473786461e-14,1.227483002841611378e-13,1.569533478780399894e-13,5.257347505057639325e-14,6.269153258829513830e-14,3.106412761085358753e-14,4.766724895396226397e-14,6.035490840964274807e-14,9.712299414317178975e-14,8.876999680237181820e-14,3.710302008506406413e-14,5.238163064047863330e-14,1.003965094479136039e-13,1.120702879903443498e-13,1.039506419338632768e-13,1.801784401757759042e-13,1.472251504880025048e-13,5.433181162167112858e-14,2.732935411591111452e-14,2.915977629118806847e-14,7.461900840308500495e-14,7.676316204786274504e-14,1.109607576443046662e-13,9.605419168438217386e-14,5.252965666581095761e-14,8.874123369703841212e-14,7.613814342585019334e-14,5.641391204489905863e-14,3.605370752899255040e-14,5.838115664888506625e-14,2.772316539339749498e-14,4.586183995021207556e-14,6.115566240283252796e-14,9.015307215563738644e-14,2.219217430883401888e-14,3.803843749996622585e-14,2.369814136362147376e-14,5.854956424703705895e-14,7.528352052221825097e-14,6.484741778262673378e-14,4.630600938818610680e-14,2.732510887469838357e-14,3.809983957020322825e-14,6.968372728032769647e-14,7.413729097486256422e-14,3.363707871973843081e-14,2.336893440757109103e-14,3.582373840420262936e-14,2.233204302084401111e-14,1.345882449762182303e-14,4.168557276235646532e-14,6.178703891490489658e-14,5.404545802235810204e-14,4.251656979238548282e-14,1.897199714436079188e-14,2.506400868835113737e-14,2.969159727474028610e-14,3.143368767295591094e-14,4.597232552893288076e-14,4.573139378069801834e-14,2.508114951942893433e-14,2.675521049526838888e-14,1.839868339574802355e-14,2.477257294527551875e-14,2.760147747699471078e-14,1.687568421228210415e-14,1.234933167799773173e-14,3.629002770464229552e-14,4.167646608770957951e-14,1.338319398504972084e-14,4.640055575083534606e-14,3.591473932193008431e-14
3.012851366343062961e-12,9.829383147792650024e-12,1.375166398312285814e-11,2.402118590145544147e-11,1.312163693256837591e-11,2.145397592258209079e-11,2.684714425200292483e-11,1.441656198349352975e-11,2.835356296733064662e-11,1.598272550662659470e-11,1.366815769589546930e-11,1.486599953862455932e-11,1.156702823845568848e-11,5.043494357181904021e-12,3.105557219258938378e-12,6.397141039578011526e-12,5.754243193218567911e-12,4.801567838215807357e-12,6.627338620929955463e-12,3.411213038646428808e-12,1.405153658422470947e-12,5.499430216403291479e-12,3.849960021383661984e-12,2.679218283959548019e-12,1.543503770002434641e-12,1.037436720389211657e-12,2.077057417504077339e-12,1.243562567791696188e-12,3.797304660491235858e-13,3.539106882729392401e-13,3.728461328423909982e-13,2.640408922668666912e-13,4.530154820681839015e-13,3.985271921395736723e-13,2.305419808788898689e-13,3.479014590244749415e-13,6.261143984648633098e-13,5.536240583388777637e-13,4.910345259080282943e-13,1.348384964343288937e-13,2.191195468404630842e-13,9.136397812417177253e-14,2.384573408135603295e-13,1.130627597113621135e-13,4.091211412229042031e-14,9.695830432022329200e-14,1.133849388118787805e-13,1.283307506926746263e-13,1.079470126702930207e-13,2.162677690466397669e-13,1.676299257402034049e-13,1.937687961628141821e-13,2.272423031697611701e-13,2.291856906476168993e-13,1.542621569185126882e-13,7.156045132970949016e-14,2.033821279140600373e-13,2.394424021670868959e-13,7.465928607393446414e-14,1.118856198855223071e-13,2.389876548621995797e-13,1.938050266380241959e-13,1.625963973869109245e-13,6.012802931253376589e-14,5.469391225875687917e-14,6.094592711062363362e-14,1.149518774386439369e-13,1.526069520275625592e-13,1.609716722192703097e-13,1.668188126845431022e-13,1.485000661151152019e-13,1.624693691220170109e-13,1.471936542865313836e-13,1.441944055081378206e-13,1.381770186092132373e-13,1.465844825659204636e-13,2.148187131957259435e-13,3.367807554330580570e-13,2.335632254117438519e-13,1.813268333119851017e-13,7.542295357314126183e-14,4.497613674347021114e-14,6.918212401424441502e-14,1.332984018446953202e-13,2.090434565115129303e-13,1.855299272747873016e-13,2.236683967260131078e-13,4.790062794273523347e-14,1.268920854852679747e-13,1.375443183061602294e-13,3.211473630575513549e-14,2.720764438233623966e-14,1.316420431088353394e-13,1.320779386547381014e-13,9.030892799322225810e-14,3.733240279917786183e-14,1.070506547452835388e-13,5.955518999749982419e-14,1.343200035111918458e-13,1.741104488607241621e-13,1.077247580784993554e-13,1.624496205139416400e-13,6.020256227239757489e-14,1.045950280975849996e-13,1.207209971674554353e-13,1.487259371177678521e-13,1.538067991625078506e-13,1.252946336449329750e-13,1.471655774526994302e-13,1.476478945257453193e-13,5.854197053426335072e-14,7.790646200706951805e-14,1.440569403287874204e-13,1.960600724273379045e-13,2.036821420241790811e-13,1.973185425436344014e-13,9.122419563136628692e-14,3.332325283797131319e-14,2.735324761206904542e-14,4.753489288977680431e-14,8.007214093947556779e-14,1.361392571581734926e-13,3.782156040785756572e-14,1.263380076054762978e-13,1.240925632985886273e-13,1.174269499879778020e-13,4.811165545687756679e-14,3.471611347660103991e-14,6.169585618776459039e-14,1.168440269135698730e-13,9.035479922659974148e-14,7.910439720832584213e-14,5.913187473572545591e-14,5.658431761579109185e-14,3.437374041058468777e-14,3.943784698805180843e-14,5.400524566695998338e-14,9.079686605328284434e-14,7.820478724845787649e-14,3.356096869620024966e-14,4.915451625386034778e-14,2.228818142991403916e-14,4.144703399283186727e-14,7.841965169608576514e-14,6.594208612365091544e-14,6.979117178702531647e-14,6.197842556193968040e-14,3.742606904878452048e-14,4.622673993771391802e-14,7.340788440781676787e-14,8.132221247069147297e-14,5.076412086522762588e-14,2.673363709279843674e-14,2.184907951509979616e-14,2.289138527237522141e-14,3.532570988980358024e-14,4.101064227824961047e-14,4.213869526888756160e-14,2.929232553342885340e-14,4.059154475287823319e-14,3.459430496793102648e-14,1.616122136269787442e-14,3.638495938090183722e-14,1.244119810725976133e-14
1.995711574545751662e-13,2.275450226380364606e-12,5.707396120234975877e-12,1.455383724598825899e-11,1.542130109108145330e-11,1.732950913312976374e-11,1.087344403288621118e-11,4.338409621796682569e-12,6.259280823808628519e-12,1.114999630717227411e-11,5.437866942257944076e-12,5.400910908021965643e-12,3.655089520829411147e-12,5.080970955841580233e-12,8.430855285372321818e-12,8.718618443452529991e-12,4.409461259696158623e-12,1.439377178059913001e-12,1.659986981283359807e-12,6.322218142439668799e-13,1.417562959614028804e-12,2.809035110450876440e-12,2.285415775484805543e-12,1.098779848139930915e-12,2.712176227654561125e-13,1.231546601500865699e-12,6.363866119036900613e-13,5.816119546745917114e-13,6.057604707286671219e-13,3.351758233470523679e-13,5.480379764709760281e-13,6.838757339363361565e-13,4.089923029449460691e-13,5.869790672033885984e-13,3.273220131456990474e-13,2.853586996991788516e-13,3.352611917717277512e-13,1.127661430275695043e-13,2.125129579891431841e-13,2.600934347980104605e-13,2.652622267234373137e-13,8.191188940431201035e-14,1.337906375449692043e-13,1.089695243307772021e-13,1.475421018534668357e-13,6.092332968782422611e-14,8.120470585440752411e-14,1.008355826200101158e-13,9.462622919147745628e-14,6.033944339598663303e-14,6.953171007169368864e-14,7.621583636176732712e-14,8.251855869486666968e-14,2.131739045480561468e-13,1.278962719472568406e-13,1.496082122258012731e-13,2.012718715412014519e-13,1.189142090226857600e-13,5.833144249304203681e-14,7.350665766911661266e-14,5.559479824018976244e-14,6.725883525164378598e-14,1.046808271313037121e-13,1.222871897648773091e-13,6.206043952393228783e-14,2.298770716267745493e-14,1.139726876682456583e-13,1.593682890046691279e-13,1.014781497601113798e-13,1.079951375058332686e-13,8.539469810948453080e-14,1.063842336801764824e-13,7.061954079413083737e-14,6.217882161248759615e-14,1.082088111481956556e-13,1.802597914776364715e-13,2.089025104128038571e-13,1.904330966026790792e-13,1.464736111446489872e-13,1.081887577764761367e-13,4.065120514754122925e-14,5.010200723100871555e-14,1.056003753727739249e-13,7.102418537433134389e-14,1.222339619061043793e-13,6.185090061137132738e-14,9.122931352248071225e-14,4.690220260767182564e-14,6.074635687333209902e-14,1.028863458370937914e-13,6.106100277958411875e-14,3.539527421647744083e-14,1.083794740744372507e-13,1.147551937365321476e-13,4.583288100604189593e-14,2.804299868802611634e-14,1.047579113831491900e-13,1.428457546581499215e-13,9.689698008004672283e-14,1.386055155887638330e-13,9.118775291812715091e-14,4.515099399199251250e-14,3.584122196032947514e-14,5.883669376011353964e-14,4.958974098886441035e-14,6.511611199221221110e-14,9.232344522904824669e-14,8.890940400798800863e-14,8.509407051173830330e-14,8.582282491259838637e-14,3.827191624774321210e-14,6.497265597481338913e-14,5.259582134203806567e-14,5.725110515047592967e-14,8.917510892512980017e-14,7.302696273862473776e-14,5.501397590420882947e-14,4.635948340798909956e-14,3.624569697857428717e-14,7.754950185313128681e-14,6.120510847769114512e-14,5.192149379571825592e-14,2.511702812756475302e-14,5.476006956417939620e-14,8.937220710562865403e-14,4.716350409950613654e-14,2.726859963531954296e-14,4.234411793664309338e-14,3.136400286532927322e-14,4.271516333955664426e-14,3.836197998417954306e-14,2.028260471982618339e-14,2.975848270379593817e-14,3.251325168068883336e-14,3.477018880142796810e-14,4.537352787794500700e-14,2.060352193195420767e-14,3.808521778957398635e-14,4.430312173817847050e-14,4.696791835636669923e-14,3.310922190710934866e-14,2.744968715653904185e-14,4.892550799172125868e-14,6.689355821694438140e-14,6.097147171995707137e-14,6.294694697311034442e-14,4.307462102318222468e-14,2.113308288964406844e-14,2.358241503675060583e-14,3.642359783109480173e-14,4.052136341435304766e-14,3.923082265612677565e-14,2.644833043508876135e-14,1.359871419087073488e-14,1.244946057885448014e-14,9.704464507224850344e-15,6.914073360255104344e-15,1.208184951511033460e-14,1.156099176130892832e-14,2.515250908442807340e-14,1.737435660781657421e-14,6.990443407368286092e-15,1.537012672638175312e-14,1.249764449658421025e-14
2.155318318848711806e-13,1.342192661052975232e-12,2.686674123301865915e-12,1.017998375193006051e-11,1.135950230849669457e-11,6.612791975056613068e-12,1.016106554777467402e-11,6.846738604705460904e-12,1.188499652905636444e-11,6.249075507747434699e-12,9.148056343920362661e-12,5.206055822071611950e-12,4.229350596787348732e-12,1.751446144357905422e-12,7.411067925270653111e-12,2.626626537903761990e-12,4.890109708319662926e-12,4.386517162461342384e-12,2.057316585895135529e-12,2.982721170635824077e-12,1.825678819821538850e-12,8.581551412237136430e-13,5.555409161948341390e-13,7.808811857543060796e-13,6.688234385797685095e-13,2.684310771378463876e-13,5.462497784005683680e-13,6.994675450912730028e-13,5.199925673356707531e-13,4.145266763292773267e-13,3.060782629807236073e-13,2.455846005303923381e-13,7.539245589457007232e-13,6.363355355996717341e-13,2.778808999287073587e-13,1.671162040814515678e-13,2.208871012790064621e-13,2.076386897006643014e-13,7.234856467513389130e-14,8.529907157212439764e-14,5.189168294831793576e-14,8.712243227281760086e-14,1.367221874312018856e-13,1.938226550801481255e-13,1.517559085803800446e-13,6.362647123612164468e-14,2.223733742480434923e-13,2.602086781191820720e-13,1.957342756044718595e-13,1.119002178256729798e-13,1.215609455510164790e-13,1.081575686131782487e-13,7.996797577135606038e-14,1.203415268383607386e-13,9.064630691159163860e-14,1.032793585842847152e-13,8.650132919342990995e-14,8.250136162682555873e-14,8.716258322248987521e-14,8.120561366538998948e-14,7.464248409332365127e-14,8.260962122126033750e-14,6.311931447260440743e-14,8.576039330760508042e-14,4.552201224434298409e-14,7.594668576379051875e-14,4.679841178498512010e-14,7.008574844029342753e-14,9.696923557956138497e-14,6.773924419936097284e-14,9.287531898810969011e-14,8.265840509916427261e-14,5.167398447042428683e-14,4.574082277548106031e-14,7.266875960268955222e-14,1.846084528905102741e-13,1.297861137500200015e-13,1.521080788559051210e-13,9.881524180944318924e-14,1.003369729114977335e-13,2.633004802248211999e-14,4.955549386475159267e-14,6.986823872236285747e-14,9.199411683332480241e-14,9.535279564859242485e-14,1.040286229702994135e-13,1.029878673776228660e-13,3.079573019987911253e-14,8.404728087092526236e-14,8.628492541341948571e-14,7.475513538822134758e-14,5.916724895180217497e-14,1.034773710563486922e-13,1.229055211059072101e-13,5.425387343942764586e-14,3.687812567019874360e-14,7.166455114894143416e-14,3.409689491431559302e-14,6.415714684885939136e-14,1.270170577950598035e-13,9.246456042568749836e-14,5.837127803381996123e-14,8.287601058553205253e-14,7.398740091009448485e-14,4.570391966551791303e-14,7.710957720919680497e-14,9.123800122988244678e-14,3.508865862034373860e-14,4.217975296085233283e-14,7.086500308726822577e-14,5.789374973474146910e-14,8.321804929640187794e-14,6.084967127010118083e-14,6.119922747252305086e-14,7.750814973923282123e-14,8.786040205670816314e-14,4.308462051138843373e-14,4.897823165355613882e-14,2.611566809063708304e-14,4.512794704436174105e-14,3.883756622032813577e-14,5.764179675805106488e-14,5.346598715719868689e-14,2.243656831517007245e-14,8.626943278807063949e-14,5.622572410634055523e-14,5.036068249210588121e-14,3.502181119352323818e-14,2.467946874082513559e-14,4.593826876442559205e-14,2.458899106490729329e-14,1.917581356097337827e-14,2.933666221450580084e-14,5.695554697013489175e-14,2.676359301559901536e-14,2.312756725860994281e-14,1.781456826298325086e-14,3.524496100075214388e-14,3.185216281846929110e-14,3.425361480683432958e-14,3.331580986454054820e-14,1.883859823076799396e-14,1.905009707848860226e-14,2.034444108610445212e-14,2.876229978501934014e-14,4.347768675484487727e-14,3.223505626019448293e-14,1.459190604812508274e-14,2.702786149184880072e-14,4.407734248195631707e-14,3.703865189344169335e-14,3.481928244926377663e-14,1.863801872418233553e-14,1.034630277220978203e-14,2.492468479678798725e-14,1.906103952809935668e-14,8.353269243908837624e-15,1.304925078411785338e-14,1.405666597001856469e-14,2.453231743170429760e-14,2.014166837187177214e-14,5.770880189353203847e-15,1.342981556439313580e-14,1.179052587052279495e-14
8.961355222179706664e-13,4.797164753843743965e-12,8.214976515778258743e-12,1.126375507945928266e-11,2.150723671138714892e-11,3.235689392875187933e-11,2.966361761172957477e-11,2.306671328580115101e-11,2.638248383113733307e-11,1.951451385086045082e-11,1.148647335630449794e-11,6.516419322318322287e-12,1.776193918761182658e-12,3.018349738945997143e-12,9.389419427015804683e-12,3.398547999025358237e-12,3.582186296800611592e-12,4.693416747945012091e-12,2.420259095115504455e-12,9.091965318879158119e-13,3.122872394190042889e-13,7.588080517010430702e-13,6.588592352150513328e-13,7.742161858460914697e-13,7.315837873037875122e-13,4.699330423217082239e-13,3.461877154516150940e-13,7.364066385862509824e-13,5.366554406875827471e-13,6.297428468967035230e-13,2.805728654647558932e-13,3.436658864102655136e-13,7.299134661570290477e-13,3.705957353971962851e-13,2.799304516304217649e-13,2.576817370811478899e-13,3.139203651322692475e-13,2.484350011199470046e-13,2.537428359647744011e-13,2.863249767338103780e-13,2.240286208421990365e-13,1.282614659906934879e-13,1.091483493190218200e-13,1.610990918341064160e-13,2.902756488582242981e-13,3.193943165149703383e-13,1.721273498178809255e-13,1.181203418481717731e-13,1.869057341488974392e-13,1.984567566398483093e-13,1.065560541803946226e-13,1.772090248952859994e-13,1.665591559410452561e-13,2.217612080241981538e-13,1.098814833307531956e-13,4.554995694115656206e-14,8.379800769666413668e-14,1.378595166028647366e-13,6.049175040197062819e-14,8.151847159672779236e-14,4.768851089320195305e-14,3.887149910244141803e-14,3.054357180977832447e-14,4.518048946070396048e-14,7.383059957007635262e-14,1.000263406113541950e-13,1.288846539717356412e-13,7.994161473725917624e-14,7.062551087153637913e-14,1.311504840107858771e-13,1.576627398828974918e-13,1.856449807581523972e-13,1.075224623053736643e-13,7.952144907003659468e-14,7.699513527925378046e-14,1.129253113765972325e-13,1.605114973459513442e-13,1.434822563395893809e-13,1.264125016455214319e-13,7.516244420016229105e-14,2.308360788081273341e-14,4.942417910188054436e-14,6.464873699595723415e-14,1.169511947212905597e-13,1.800142308187200257e-13,1.808496684780841065e-13,1.754680727204658088e-13,7.537805145286783632e-14,6.235003373534273333e-14,9.621562151068730002e-14,6.844158872338145004e-14,4.101404664063763050e-14,8.595545417147329882e-14,1.830385806748248628e-13,8.086918584294292616e-14,6.499900229117636406e-14,9.879056388286699248e-14,6.358187275767197936e-14,9.556192708780744992e-14,1.159374198167599748e-13,7.235243784602604410e-14,9.444199676569895806e-14,1.112777824420603235e-13,8.288871411599309020e-14,1.076150823311554415e-13,1.127309322126798905e-13,7.837792441888549196e-14,7.908008818843293160e-14,3.822124972501301782e-14,4.318526653404719287e-14,6.025577423345382135e-14,5.061147064184345304e-14,6.656970831059366304e-14,6.227257839659735790e-14,7.479206186175323428e-14,1.266036832155917831e-13,1.250334572612093402e-13,3.265010836324657071e-14,4.012098075208965355e-14,8.878069615843365266e-14,5.008192791492253746e-14,4.641706733773979400e-14,4.257279740016497600e-14,4.947390866233190710e-14,9.489703422557236093e-14,8.533214818846088259e-14,3.052170128867665142e-14,5.916590992038635866e-14,6.570490629649554267e-14,8.417793489565600513e-14,9.269632963183899741e-14,6.152705530325499234e-14,4.640239908310318335e-14,4.191897577519731166e-14,3.765066899768679662e-14,2.702501356505768492e-14,1.582681310981192761e-14,6.748789536008684888e-14,5.032199878249761278e-14,4.377452269000917988e-14,3.290234682471584290e-14,2.922529531605238884e-14,4.075693419256059777e-14,4.631468950608654004e-14,8.113003247754518891e-14,4.525369604248773916e-14,3.303679452979958370e-14,2.826898683024896454e-14,2.878468669925885270e-14,3.599953962881331387e-14,3.211162435760886729e-14,3.424559045771696821e-14,4.519087108090581627e-14,2.093388385334966293e-14,3.167414035461976502e-14,3.900670944398175495e-14,2.447559681804631748e-14,9.841120840039046154e-15,7.790688491414591551e-15,2.291793009701207457e-14,3.177590436745963625e-14,2.759572982685982328e-14,5.292858894101058748e-14,3.981437399173116413e-14
